-1 3 8 3
-1 2 8 2

-2 2 9 2
-2 -3 9 -3

-2 -3 4 -3
-2 -4 4 -4

-2 -4 7 -4
-2 -5 7 -5

-3 -5 3 -5 
-3 -6 3 -6

-4 -6 3 -6
-4 -7 3 -7

-6 -7 5 -7
-6 -8 5 -8

-7 -8 3 -8
-7 -9 3 -9

-12 -9 3 -9
-12 -10 3 -10

-11 -10 3 -10
-11 -11 3 -11

-10 -11 2 -11
-10 -12 2 -12

-9 -12 2 -12
-9 -13 2 -13

-8 -13 1 -13
-8 -14 1 -14

-7 -14 0 -14
-7 -15 0 -15

-6 -15 -3 -15
-6 -16 -3 -16

-6 -16 -4 -16
-6 -17 -4 -17

-6 -17 -5 -17
-6 -18 -5 -18

-6 -18 -4 -18
-6 -19 -4 -19

-2 -15 0 -15
-2 -16 0 -16

-1 -16 0 -16
-1 -18 0 -18

-1 -18 1 -18
-1 -19 1 -19

-12 -5 -11 -5
-12 -7 -11 -7

-12 -7 -10 -7
-12 -8 -10 -8

-12 -8 -9 -8
-12 -9 -9 -9 

4 -8 5 -8
4 -9 5 -9
